9999999999999339999399999993999999999999999999999
9999999999993993999939999993999999999999333339999
9999999999993993999993333333333339999933999993399
9933333333333339999999399999999939999399999999939
9999999999999399993999393333333939999399999999939
9999999999999399999399999993999999999999999999939
9999999999999399999939933333333399999999999993399
9999999999993999999999939993999399999999333339999
9999999999993999999999939993999399999999999993399
9999999999939999999993933333333399999999999999939
9999999999939999999993939993999399999999999999939
9999999999399999999939939993999399999399999999939
9999999933999999999939933333333399999399999999939
9999993399999999999399999399939999999933999993399
9993339999999999999399993999993999999999333339999
999999999999999999399993999999939999999999999999 
